0 -82 -64 0 0 0 687
0 -74 -62 0 0 0 687
0 -77 -63 0 0 0 687
0 -78 -63 -84 0 0 687
0 -77 -64 -84 0 0 687
0 -77 -64 -84 0 0 687
0 -77 -64 -84 0 0 687
0 -77 -64 -84 0 0 687
0 -77 -64 -84 0 0 687
0 -77 -64 -84 0 0 687
0 -83 -63 0 0 0 687
0 -83 -63 0 0 0 687
0 -83 -63 0 0 0 687
0 -83 -63 0 0 0 687
0 -83 -63 0 0 0 687
0 -83 -63 0 0 0 687
0 -81 -66 0 0 0 687
0 -81 -66 0 0 0 687
0 -81 -66 0 0 0 687
0 -81 -66 0 0 0 687
0 -81 -66 0 0 0 687
0 -81 -66 0 0 0 687
0 -81 -66 0 0 0 687
0 -81 -66 0 0 0 687
0 -81 -66 0 0 0 687
0 0 -64 -82 0 0 687
0 -76 -60 -82 0 0 687
-82 -74 -61 0 0 0 687
-82 -75 -61 0 0 0 687
-82 -75 -61 0 0 0 687
-82 -75 -61 0 0 0 687
-82 -75 -61 0 0 0 687
-82 -75 -61 0 0 0 687
-82 -75 -61 0 0 0 687
-82 -75 -61 0 0 0 687
-82 -75 -61 0 0 0 687
-82 -75 -61 0 0 0 689
-82 -75 -61 0 0 0 689
-82 -75 -61 0 0 0 689
-82 -75 -61 0 0 0 689
-82 -75 -61 0 0 0 689
-82 -75 -61 0 0 0 689
-82 -75 -61 0 0 0 689
-82 -75 -61 0 0 0 689
-82 -75 -61 0 0 0 689
-82 -75 -61 0 0 0 689
-82 -75 -61 0 0 0 689
0 -80 -58 0 0 0 689
0 -80 -54 0 0 0 689
0 -80 -58 0 0 0 689
0 -74 -59 0 0 0 689
0 -74 -59 0 0 0 689
0 -74 -59 0 0 0 689
0 -74 -59 0 0 0 689
0 -74 -59 0 0 0 689
0 -74 -59 0 0 0 689
0 -74 -59 0 0 0 689
0 -74 -59 0 0 0 689
0 -74 -59 0 0 0 689
0 -74 -59 0 0 0 689
0 -74 -59 0 0 0 689
0 -74 -59 0 0 0 689
0 -74 -59 0 0 0 689
0 -74 -59 0 0 0 689
0 -74 -59 0 0 0 689
0 -74 -59 0 0 0 689
0 -74 -59 0 0 0 689
0 -74 -59 0 0 0 689
0 -74 -59 0 0 0 689
0 -74 -59 0 0 0 689
0 -74 -59 0 0 0 689
0 -70 -52 0 0 0 689
0 -73 -55 0 0 0 689
0 -70 -56 0 0 0 689
0 -70 -59 0 0 0 689
0 -70 -59 0 0 0 689
0 -70 -59 0 0 0 689
0 -70 -59 0 0 0 689
0 -70 -59 0 0 0 689
0 -70 -59 0 0 0 689
0 -70 -59 0 0 0 689
0 -70 -59 0 0 0 689
0 -70 -59 0 0 0 689
0 -70 -59 0 0 0 689
0 -70 -59 0 0 0 689
0 -70 -59 0 0 0 689
0 -70 -59 0 0 0 689
0 -70 -59 0 0 0 689
0 -70 -59 0 0 0 689
0 -70 -59 0 0 0 691
0 -70 -59 0 0 0 691
0 -70 -59 0 0 0 691
0 -70 -59 0 0 0 691
0 -69 -61 0 0 -79 691
0 -70 -63 -77 0 -79 691
0 -71 -63 -77 0 0 691
0 -70 -63 -77 0 -76 691
0 -70 -63 -77 0 -76 691
0 -70 -63 -77 0 -76 691
0 -70 -63 -77 0 -76 691
0 -70 -63 -77 0 -76 691
0 -70 -63 -77 0 -76 691
0 -70 -63 -77 0 -76 691
0 -70 -63 -77 0 -76 691
0 -70 -63 -77 0 -76 691
0 -70 -63 -77 0 -76 691
0 -70 -63 -77 0 -76 691
0 -70 -63 -77 0 -76 691
0 -70 -63 -77 0 -76 691
0 -70 -63 -77 0 -76 691
0 -70 -63 -77 0 -76 691
0 -70 -63 -77 0 -76 691
0 -70 -63 -77 0 -76 691
0 -70 -63 -77 0 -76 691
0 -70 -63 -77 0 -76 691
0 -70 -63 -77 0 -76 691
0 -70 -63 -77 0 -76 691
-87 -74 -58 0 0 0 691
-84 -73 -58 0 0 0 691
-84 -74 -61 0 0 0 691
0 -73 -59 0 0 0 691
0 -73 -59 0 0 0 691
0 -73 -59 0 0 0 691
0 -73 -59 0 0 0 691
0 -73 -59 0 0 0 691
0 -73 -59 0 0 0 691
0 -73 -59 0 0 0 691
0 -73 -59 0 0 0 691
0 -73 -59 0 0 0 691
0 -73 -59 0 0 0 691
0 -73 -59 0 0 0 691
0 -73 -59 0 0 0 691
0 -73 -59 0 0 0 691
0 -73 -59 0 0 0 691
0 -73 -59 0 0 0 691
0 -73 -59 0 0 0 691
0 -73 -59 0 0 0 691
0 -73 -59 0 0 0 691
0 -73 -59 0 0 0 691
0 -73 -59 0 0 0 691
0 -73 -59 0 0 0 691
0 -73 -59 0 0 0 691
-85 -81 -55 -80 0 -78 691
-85 -64 -57 -78 0 -78 691
0 -64 -62 -78 0 0 691
0 -67 -64 0 0 0 691
0 -67 -64 0 0 0 691
0 -67 -64 0 0 0 691
0 -67 -64 0 0 0 691
0 -67 -64 0 0 0 691
0 -67 -64 0 0 0 691
0 -67 -64 0 0 0 691
0 -67 -64 0 0 0 691
0 -67 -64 0 0 0 691
0 -67 -64 0 0 0 691
0 -67 -64 0 0 0 691
0 -67 -64 0 0 0 691
0 -67 -64 0 0 0 691
0 -67 -64 0 0 0 691
0 -67 -64 0 0 0 691
0 -67 -64 0 0 0 691
0 -67 -64 0 0 0 691
0 -67 -64 0 0 0 691
0 -67 -64 0 0 0 691
0 -67 -64 0 0 0 691
0 -67 -64 0 0 0 693
0 -62 -78 -69 0 0 693
0 -55 -78 -69 0 -72 693
0 -50 0 -74 0 -77 693
0 -56 -79 -75 0 -77 693
0 -56 -79 -75 0 -77 693
0 -56 -79 -75 0 -77 693
0 -56 -79 -75 0 -77 693
0 -56 -79 -75 0 -77 693
0 -56 -79 -75 0 -77 693
0 -56 -79 -75 0 -77 693
0 -56 -79 -75 0 -77 693
0 -56 -79 -75 0 -77 693
0 -56 -79 -75 0 -77 693
0 -56 -79 -75 0 -77 693
0 -63 -75 0 0 0 693
0 -63 -75 0 0 0 693
0 -63 -75 0 0 0 693
0 -63 -75 0 0 0 693
0 -63 -75 0 0 0 693
0 -63 -75 0 0 0 693
0 -63 -75 0 0 0 693
0 -63 -75 0 0 0 693
0 -63 -75 0 0 0 693
0 -63 -75 0 0 0 693
-82 -63 0 -77 0 0 693
-82 -52 -76 -77 0 0 693
0 -54 -76 0 0 0 693
0 -53 -79 0 0 -81 693
0 -53 -79 0 0 -81 693
0 -53 -79 0 0 -81 693
0 -53 -79 0 0 -81 693
0 -53 -79 0 0 -81 693
0 -53 -79 0 0 -81 693
0 -53 -79 0 0 -81 693
0 -53 -79 0 0 -81 693
0 -53 -79 0 0 -81 693
0 -57 -69 0 0 0 693
0 -57 -69 0 0 0 693
0 -57 -69 0 0 0 693
0 -57 -69 0 0 0 693
0 -57 -69 0 0 0 693
0 -57 -69 0 0 0 693
0 -57 -69 0 0 0 693
0 -57 -69 0 0 0 693
0 -57 -69 0 0 0 693
0 -57 -69 0 0 0 693
0 -57 -69 0 0 0 693
0 -57 -69 0 0 0 693
0 -66 -71 0 0 0 693
-87 -68 -76 0 0 0 693
-87 -68 -74 0 0 0 693
0 -59 -73 0 0 0 693
0 -59 -73 0 0 0 693
0 -59 -73 0 0 0 693
0 -59 -73 0 0 0 693
0 -59 -73 0 0 0 693
0 -59 -73 0 0 0 693
0 -59 -73 0 0 0 693
0 -59 -73 0 0 0 693
0 -59 -73 0 0 0 693
0 -59 -73 0 0 0 693
0 -59 -73 0 0 0 693
0 -59 -73 0 0 0 693
0 -59 -73 0 0 0 693
0 -59 -73 0 0 0 693
0 -59 -73 0 0 0 693
0 -59 -73 0 0 0 693
0 -59 -73 0 0 0 693
0 -59 -73 0 0 0 693
0 -59 -73 0 0 0 693
0 -59 -73 0 0 0 693
0 -59 -73 0 0 0 693
0 -63 -72 0 0 0 693
-81 -56 -81 0 0 -83 693
-81 -52 -74 0 -85 -83 693
0 -58 -70 0 -85 0 693
0 -58 -70 0 -85 0 693
0 -58 -70 0 -85 0 693
0 -58 -70 0 -85 0 693
0 -58 -70 0 -85 0 693
0 -58 -70 0 -85 0 693
0 -58 -70 0 -85 0 693
0 -58 -70 0 -85 0 693
0 -58 -70 0 -85 0 693
0 -58 -70 0 -85 0 693
0 -58 -70 0 -85 0 693
0 -58 -70 0 -85 0 693
0 -58 -70 0 -85 0 693
0 -58 -70 0 -85 0 693
0 -58 -70 0 -85 0 693
0 -58 -70 0 -85 0 693
0 -58 -70 0 -85 0 693
0 -58 -70 0 -85 0 693
0 -58 -70 0 -85 0 693
0 -58 -70 0 -85 0 693
0 -58 -70 0 -85 0 693
-86 -66 -79 0 0 0 693
-85 -60 -73 0 -90 0 693
-83 -57 -73 0 -90 0 693
-84 -60 -75 -78 0 -81 693
-84 -60 -75 -78 0 -81 693
-84 -60 -75 -78 0 -81 693
-84 -60 -75 -78 0 -81 693
-84 -60 -75 -78 0 -81 693
-84 -60 -75 -78 0 -81 693
-84 -60 -75 -78 0 -81 693
-84 -60 -75 -78 0 -81 693
-84 -60 -75 -78 0 -81 693
-84 -60 -75 -78 0 -81 693
-84 -60 -75 -78 0 -81 693
-84 -60 -75 -78 0 -81 693
-84 -60 -75 -78 0 -81 693
-84 -60 -75 -78 0 -81 693
-84 -60 -75 -78 0 -81 693
-84 -60 -75 -78 0 -81 693
-84 -60 -75 -78 0 -81 693
-84 -60 -75 -78 0 -81 693
-84 -60 -75 -78 0 -81 693
-84 -60 -75 -78 0 -81 693
-84 -60 -75 -78 0 -81 693
0 -52 -79 0 0 0 695
-80 -48 0 -67 -79 -69 695
-80 -54 -80 -68 -79 -67 695
-82 -53 -80 -68 0 -67 695
-82 -53 -80 -68 0 -67 695
-82 -53 -80 -68 0 -67 695
-82 -53 -80 -68 0 -67 695
-82 -53 -80 -68 0 -67 695
-82 -53 -80 -68 0 -67 695
-82 -53 -80 -68 0 -67 695
-82 -53 -80 -68 0 -67 695
-82 -53 -80 -68 0 -67 695
-82 -53 -80 -68 0 -67 695
0 -56 0 0 0 -77 695
0 -56 0 0 0 -77 695
0 -56 0 0 0 -77 695
0 -56 0 0 0 -77 695
0 -56 0 0 0 -77 695
0 -56 0 0 0 -77 695
0 -56 0 0 0 -77 695
0 -56 0 0 0 -77 695
0 -56 0 0 0 -77 695
0 -64 0 -69 -83 -70 695
0 -64 0 -69 -83 -70 695
0 -64 0 -69 -83 -70 695
0 -57 -83 -70 0 -72 695
0 -57 -83 -68 0 -68 695
0 -59 0 -68 -73 -68 695
0 -59 0 -68 -73 -68 695
0 -59 0 -68 -73 -68 695
0 -59 0 -68 -73 -68 695
0 -59 0 -68 -73 -68 695
0 -59 0 -68 -73 -68 695
0 -59 0 -68 -73 -68 695
0 -59 0 -68 -73 -68 695
0 -59 0 -68 -73 -68 695
0 -59 0 -68 -73 -68 695
0 -59 0 -68 -73 -68 695
0 -59 0 -68 -73 -68 695
0 -61 -80 0 0 0 695
0 -61 -80 0 0 0 695
0 -61 -80 0 0 0 695
0 -61 -80 0 0 0 695
0 -61 -80 0 0 0 695
0 -61 -80 0 0 0 695
0 -61 -80 0 0 0 695
0 -49 0 -71 0 0 695
0 -49 0 -71 0 0 695
0 -49 0 -71 0 0 695
0 -56 0 -70 0 -69 695
0 -57 -80 -70 0 -74 695
0 -52 -80 -73 0 -74 695
0 -52 -80 -73 0 -74 695
0 -52 -80 -73 0 -74 695
0 -52 -80 -73 0 -74 695
0 -52 -80 -73 0 -74 695
0 -52 -80 -73 0 -74 695
0 -52 -80 -73 0 -74 695
0 -48 0 -73 0 0 695
0 -48 0 -73 0 0 695
0 -48 0 -73 0 0 695
0 -48 0 -73 0 0 695
0 -48 0 -73 0 0 695
0 -48 0 -73 0 0 695
0 -48 0 -73 0 0 695
0 -48 0 -73 0 0 695
0 -48 0 -73 0 0 695
0 -48 0 -73 0 0 695
0 -48 0 -73 0 0 695
0 -48 0 -73 0 0 695
0 -53 0 -68 0 -56 695
0 -59 0 -76 0 -56 695
0 -59 0 -76 0 -56 695
0 -49 -81 -70 0 -66 695
0 -57 -81 -70 0 -73 695
0 -49 -80 0 0 -73 695
0 -49 -80 0 0 -73 695
0 -49 -80 0 0 -73 695
0 -49 -80 0 0 -73 695
0 -49 -80 0 0 -73 695
0 -49 -80 0 0 -73 695
0 -49 -80 0 0 -73 695
0 -49 -80 0 0 -73 695
0 -49 0 0 0 0 695
0 -49 0 0 0 0 695
0 -49 0 0 0 0 695
0 -55 -69 0 0 0 697
0 -67 0 -66 -73 -66 697
0 -67 0 -66 -73 -66 697
0 -67 0 -66 -73 -66 697
-81 -66 0 -75 0 -73 697
-81 -64 0 -72 -72 -73 697
-79 -65 0 -71 -79 -73 697
-79 -63 0 -72 -74 -73 697
-79 -63 0 -72 -74 -73 697
-79 -63 0 -72 -74 -73 697
-79 -63 0 -72 -74 -73 697
-79 -63 0 -72 -74 -73 697
-79 -63 0 -72 -74 -73 697
0 -69 0 -69 0 0 697
0 -69 0 -69 0 0 697
0 -69 0 -69 0 0 697
0 -69 0 -69 0 0 697
0 -69 0 -69 0 0 697
0 -69 0 -69 0 0 697
0 -69 0 -69 0 0 697
0 -69 0 -69 0 0 697
0 -69 0 -69 0 0 697
0 -69 0 -69 0 0 697
0 -69 0 -69 0 0 697
0 -69 0 -69 0 0 697
0 -69 0 -69 0 0 697
-87 -70 0 -80 -76 0 697
-87 -70 0 -80 -76 0 697
-87 -70 0 -80 -76 0 697
0 -62 0 -62 0 -61 697
-84 -68 0 -69 0 -70 697
-84 -64 0 -76 0 -77 697
-84 -64 0 -76 0 -77 697
-84 -64 0 -76 0 -77 697
-84 -64 0 -76 0 -77 697
-84 -64 0 -76 0 -77 697
-84 -64 0 -76 0 -77 697
-84 -64 0 -76 0 -77 697
-82 -60 0 -71 -75 -72 697
-82 -60 0 -71 -75 -72 697
-82 -60 0 -71 -75 -72 697
-82 -60 0 -71 -75 -72 697
-82 -60 0 -71 -75 -72 697
-82 -60 0 -71 -75 -72 697
-82 -60 0 -71 -75 -72 697
-82 -60 0 -71 -75 -72 697
-82 -60 0 -71 -75 -72 697
-82 -60 0 -71 -75 -72 697
-82 -60 0 -71 -75 -72 697
-82 -60 0 -71 -75 -72 697
-83 -58 0 -77 0 -76 697
-83 -58 0 -77 0 -76 697
-83 -58 0 -77 0 -76 697
0 -60 -78 -78 0 -74 697
0 -58 -78 -69 0 -70 697
0 -49 -83 -71 -74 -73 697
0 -49 -83 -71 -74 -73 697
0 -49 -83 -71 -74 -73 697
0 -49 -83 -71 -74 -73 697
0 -49 -83 -71 -74 -73 697
0 -49 -83 -71 -74 -73 697
0 -49 -83 -71 -74 -73 697
0 -49 -83 -71 -74 -73 697
0 -49 -83 -71 -74 -73 697
0 -49 -83 -71 -74 -73 697
0 -49 -83 -71 -74 -73 697
0 -49 -83 -71 -74 -73 697
0 -49 -83 -71 -74 -73 697
0 -49 -83 -71 -74 -73 697
0 -49 -83 -71 -74 -73 697
0 -49 -83 -71 -74 -73 699
0 -49 -83 -71 -74 -73 697
0 -49 -83 -71 -74 -73 699
0 -49 -83 -71 -74 -73 697
0 -49 -83 -71 -74 -73 699
0 -49 -83 -71 -74 -73 697
0 -49 -83 -71 -74 -73 699
0 -49 -83 -71 -74 -73 697
0 -49 -83 -71 -74 -73 699
-82 -63 0 -54 -78 -53 697
-82 -63 0 -54 -78 -53 699
-82 -63 0 -54 -78 -53 697
-82 -63 0 -54 -78 -53 699
-82 -63 0 -54 -78 -53 697
-82 -63 0 -54 -78 -53 699
0 -71 0 -53 0 -54 697
0 -71 0 -53 0 -54 699
-81 -71 0 -62 -69 -64 697
-81 -71 0 -62 -69 -64 699
-82 -68 0 -60 -69 -59 697
-82 -68 0 -60 -69 -59 699
-82 -68 0 -60 -69 -59 697
-82 -68 0 -60 -69 -59 699
-82 -68 0 -60 -69 -59 697
-82 -68 0 -60 -69 -59 699
-82 -68 0 -60 -69 -59 697
-82 -68 0 -60 -69 -59 699
-82 -68 0 -60 -69 -59 697
-82 -68 0 -60 -69 -59 699
-82 -68 0 -60 -69 -59 697
-82 -68 0 -60 -69 -59 699
-82 -68 0 -60 -69 -59 697
-82 -68 0 -60 -69 -59 699
-82 -68 0 -60 -69 -59 697
-82 -68 0 -60 -69 -59 699
-82 -68 0 -60 -69 -59 697
-82 -68 0 -60 -69 -59 699
-82 -68 0 -60 -69 -59 699
-82 -68 0 -60 -69 -59 697
-82 -68 0 -60 -69 -59 699
-82 -68 0 -60 -69 -59 697
-82 -68 0 -60 -69 -59 699
-82 -68 0 -60 -69 -59 697
-82 -68 0 -60 -69 -59 699
-82 -68 0 -60 -69 -59 697
-82 -68 0 -60 -69 -59 699
-82 -68 0 -60 -69 -59 697
-82 -68 0 -60 -69 -59 697
-82 -68 0 -60 -69 -59 697
-82 -68 0 -60 -69 -59 697
-82 -68 0 -60 -69 -59 701
-82 -68 0 -60 -69 -59 697
-82 -68 0 -60 -69 -59 701
-82 -68 0 -60 -69 -59 697
-82 -68 0 -60 -69 -59 701
0 -76 0 -42 -73 -42 697
0 -76 0 -42 -73 -42 701
0 -76 0 -42 -73 -42 697
0 -76 0 -42 -73 -42 701
0 -76 0 -42 -73 -42 697
0 -76 0 -42 -73 -42 701
-69 -76 0 -56 0 -57 697
-69 -76 0 -56 0 -57 701
-70 -74 -82 -54 -55 -55 697
-70 -74 -82 -54 -55 -55 701
-70 -77 -82 -49 -61 -50 697
-70 -77 -82 -49 -61 -50 701
-70 -77 -82 -49 -61 -50 697
-70 -77 -82 -49 -61 -50 701
-70 -77 -82 -49 -61 -50 697
-70 -77 -82 -49 -61 -50 701
-70 -77 -82 -49 -61 -50 697
-70 -77 -82 -49 -61 -50 701
-70 -77 -82 -49 -61 -50 697
-70 -77 -82 -49 -61 -50 701
-70 -77 -82 -49 -61 -50 697
-70 -77 -82 -49 -61 -50 701
-70 -77 -82 -49 -61 -50 697
-70 -77 -82 -49 -61 -50 701
-72 0 0 -51 -64 -51 697
-72 0 0 -51 -64 -51 701
-72 0 0 -51 -64 -51 697
-72 0 0 -51 -64 -51 701
-72 0 0 -51 -64 -51 697
-72 0 0 -51 -64 -51 701
-72 0 0 -51 -64 -51 697
-72 0 0 -51 -64 -51 701
-72 0 0 -51 -64 -51 697
-72 0 0 -51 -64 -51 701
-72 0 0 -51 -64 -51 697
-72 0 0 -51 -64 -51 701
-72 0 0 -51 -64 -51 697
-72 0 0 -51 -64 -51 701
-72 0 0 -51 -64 -51 697
-72 0 0 -51 -64 -51 701
-72 0 0 -51 -64 -51 697
-72 0 0 -51 -64 -51 701
-72 0 0 -51 -64 -51 697
-72 0 0 -51 -64 -51 701
-72 0 0 -51 -64 -51 697
-72 0 0 -51 -64 -51 701
-72 0 0 -51 -64 -51 697
-72 0 0 -51 -64 -51 701
0 -78 0 -56 -66 -61 697
0 -78 0 -56 -66 -61 701
0 -78 0 -56 -66 -61 697
0 -78 0 -56 -66 -61 701
0 -78 0 -56 -66 -61 697
0 -78 0 -56 -66 -61 701
-82 -84 0 -50 -60 -49 697
-82 -84 0 -50 -60 -49 701
-73 -83 0 -51 -60 -49 697
-73 -83 0 -51 -60 -49 701
-74 -83 0 -51 -60 -51 697
-74 -83 0 -51 -60 -51 701
-74 -83 0 -51 -60 -51 697
-74 -83 0 -51 -60 -51 701
-74 -83 0 -51 -60 -51 697
-74 -83 0 -51 -60 -51 701
-74 -83 0 -51 -60 -51 697
-74 -83 0 -51 -60 -51 701
-74 -83 0 -51 -60 -51 697
-74 -83 0 -51 -60 -51 701
-74 -83 0 -51 -60 -51 697
-74 -83 0 -51 -60 -51 701
-74 -83 0 -51 -60 -51 697
-74 -83 0 -51 -60 -51 701
-74 -83 0 -51 -60 -51 697
-74 -83 0 -51 -60 -51 697
-74 -83 0 -51 -60 -51 703
-74 -83 0 -51 -60 -51 697
-74 -83 0 -51 -60 -51 703
-74 -83 0 -51 -60 -51 697
-74 -83 0 -51 -60 -51 703
-74 -83 0 -51 -60 -51 697
-74 -83 0 -51 -60 -51 703
-74 -83 0 -51 -60 -51 697
-74 -83 0 -51 -60 -51 703
-74 -83 0 -51 -60 -51 697
-74 -83 0 -51 -60 -51 703
-74 -83 0 -51 -60 -51 697
-74 -83 0 -51 -60 -51 703
-74 -83 0 -51 -60 -51 697
-74 -83 0 -51 -60 -51 703
-74 -83 0 -51 -60 -51 697
-74 -83 0 -51 -60 -51 703
-74 -83 0 -51 -60 -51 697
-74 -83 0 -51 -60 -51 703
-74 -83 0 -51 -60 -51 697
0 0 0 -72 -67 -74 703
0 0 0 -72 -67 -74 697
0 0 0 -72 -67 -74 703
0 0 0 -72 -67 -74 697
0 0 0 -72 -67 -74 703
0 0 0 -72 -67 -74 697
-72 -78 0 -64 -72 -64 703
-72 -78 0 -64 -72 -64 697
-72 -78 0 -54 -72 -54 703
-72 -78 0 -54 -72 -54 697
-72 -78 0 -54 -72 -54 703
-64 -76 0 -61 -74 -65 697
-64 -76 0 -61 -74 -65 703
-59 -76 0 -58 -69 -59 697
-59 -76 0 -58 -69 -59 703
-59 -76 0 -58 -69 -59 697
-59 -76 0 -58 -69 -59 703
-59 -76 0 -58 -69 -59 697
-59 -76 0 -58 -69 -59 703
-59 -76 0 -58 -69 -59 697
-59 -76 0 -58 -69 -59 703
-59 -76 0 -58 -69 -59 697
-59 -76 0 -58 -69 -59 703
-59 -76 0 -58 -69 -59 697
-59 -76 0 -58 -69 -59 703
-67 -76 0 -70 -74 -67 697
-67 -76 0 -70 -74 -67 703
-67 -76 0 -70 -74 -67 697
-67 -76 0 -70 -74 -67 703
-67 -76 0 -70 -74 -67 697
-67 -76 0 -70 -74 -67 703
-67 -76 0 -70 -74 -67 697
-67 -76 0 -70 -74 -67 703
-67 -76 0 -70 -74 -67 697
-67 -76 0 -70 -74 -67 703
-67 -76 0 -70 -74 -67 697
-67 -76 0 -70 -74 -67 703
-67 -76 0 -70 -74 -67 697
-67 -76 0 -70 -74 -67 703
-67 -76 0 -70 -74 -67 697
-67 -76 0 -70 -74 -67 703
-67 -76 0 -70 -74 -67 697
-67 -76 0 -70 -74 -67 703
-67 -76 0 -70 -74 -67 697
-67 -76 0 -70 -74 -67 703
-67 -76 0 -70 -74 -67 697
-67 -76 0 -70 -74 -67 703
-67 -76 0 -70 -74 -67 697
-67 -76 0 -70 -74 -67 703
-65 0 0 -55 -69 -54 697
-65 0 0 -55 -69 -54 703
-65 0 0 -55 -69 -54 697
-65 0 0 -55 -69 -54 697
-64 -83 0 -81 -83 0 705
-64 -83 0 -81 -83 0 697
-53 -83 0 -81 -77 0 705
-53 -83 0 -81 -77 0 697
-49 -80 0 -76 -72 -65 705
-49 -80 0 -76 -72 -65 697
-49 -80 0 -76 -72 -65 705
-49 -80 0 -76 -72 -65 697
-49 -80 0 -76 -72 -65 705
-49 -80 0 -76 -72 -65 697
-49 -80 0 -76 -72 -65 705
-49 -80 0 -76 -72 -65 697
-49 -80 0 -76 -72 -65 705
-49 -80 0 -76 -72 -65 697
-49 -80 0 -76 -72 -65 705
-49 -80 0 -76 -72 -65 697
-49 -80 0 -76 -72 -65 705
-49 -80 0 -76 -72 -65 697
-62 0 0 -71 -71 0 705
-62 0 0 -71 -71 0 697
-62 0 0 -71 -71 0 705
-62 0 0 -71 -71 0 697
-62 0 0 -71 -71 0 705
-62 0 0 -71 -71 0 697
-62 0 0 -71 -71 0 705
-62 0 0 -71 -71 0 697
-62 0 0 -71 -71 0 705
-62 0 0 -71 -71 0 697
-62 0 0 -71 -71 0 705
-62 0 0 -71 -71 0 697
-62 0 0 -71 -71 0 705
-62 0 0 -71 -71 0 697
-62 0 0 -71 -71 0 705
-62 0 0 -71 -71 0 697
-62 0 0 -71 -71 0 705
-62 0 0 -71 -71 0 697
-62 0 0 -71 -71 0 705
-62 0 0 -71 -71 0 697
-62 0 0 -71 -71 0 705
-62 0 0 -71 -71 0 697
-62 0 0 -71 -71 0 705
-62 0 0 -71 -71 0 697
-62 0 0 -71 -71 0 705
-52 0 0 -71 -77 -72 697
-52 0 0 -71 -77 -72 705
-52 0 0 -71 -77 -72 697
-52 0 0 -71 -77 -72 705
-52 0 0 -71 -77 -72 697
-52 0 0 -71 -77 -72 705
-50 -81 0 -70 -71 -68 697
-50 -81 0 -70 -71 -68 705
-51 -81 0 -72 -71 -66 697
-51 -81 0 -72 -71 -66 705
-60 0 0 -70 -77 -73 697
-60 0 0 -70 -77 -73 705
-60 0 0 -70 -77 -73 697
-60 0 0 -70 -77 -73 705
-60 0 0 -70 -77 -73 697
-60 0 0 -70 -77 -73 705
-60 0 0 -70 -77 -73 697
-60 0 0 -70 -77 -73 705
-60 0 0 -70 -77 -73 697
-60 0 0 -70 -77 -73 705
-60 0 0 -70 -77 -73 697
-60 0 0 -70 -77 -73 705
-60 0 0 -70 -77 -73 697
-60 0 0 -70 -77 -73 705
-60 0 0 -70 -77 -73 697
-60 0 0 -70 -77 -73 705
-60 0 0 -70 -77 -73 697
-60 0 0 -70 -77 -73 705
-60 0 0 -70 -77 -73 697
-60 0 0 -70 -77 -73 705
-60 0 0 -70 -77 -73 697
-60 0 0 -70 -77 -73 697
-60 0 0 -70 -77 -73 697
-60 0 0 -70 -77 -73 697
-60 0 0 -70 -77 -73 697
-60 0 0 -70 -77 -73 697
-60 0 0 -70 -77 -73 697
-60 0 0 -70 -77 -73 697
-60 0 0 -70 -77 -73 697
-92 0 0 0 0 -89 697
-92 0 0 0 0 -89 697
-92 0 0 0 0 -89 697
-91 0 0 0 0 0 elevator
-68 0 0 -76 0 -79 elevator
-68 0 0 -76 0 -79 elevator
-68 0 0 -76 0 -79 elevator
-68 0 0 -76 0 -79 elevator
0 0 0 -70 -90 -71 elevator
0 0 0 -70 -90 -71 elevator
0 0 0 -70 -90 -71 elevator
-66 0 0 -72 -91 -71 elevator
-70 0 0 -80 -92 -73 elevator
-70 0 0 -80 -92 -73 elevator
-70 0 0 -80 -92 -73 elevator
-70 0 0 -80 -92 -73 elevator
-70 0 0 -80 -92 -73 elevator
-70 0 0 -80 -92 -73 elevator
-70 0 0 -80 -92 -73 elevator
-70 0 0 -80 -92 -73 elevator
-70 0 0 -80 -92 -73 elevator
-70 0 0 -80 -92 -73 elevator
-70 0 0 -80 -92 -73 elevator
-70 0 0 -75 -90 -71 elevator
-70 0 0 -75 -90 -71 elevator
-70 0 0 -75 -90 -71 elevator
-70 0 0 -75 -90 -71 elevator
-70 0 0 -75 -90 -71 elevator
-70 0 0 -75 -90 -71 elevator